Head
90 10
1 8 86 6
100
Przeciwnicy
6
26 8 18 8
29 8 39 8
75 8 71 8
68 8 64 8
57 8 61 8
76 7 80 7
Plansza
------------------------------------------------------------------------------------------
------------------------------------------------------------------------------------------
------------------------------------------------------------------------------------------
------------------------------------------------------------------------------------------
----------------------------------------------------+-------------------------------------
-------------+------------------------------------+-+-------------------------------------
-----+-----+-+----*O**O*----------*O**O*--------+-+-+-------------------------------------
---+-+-+-+-+-+------------*OOOO*--------------+-+-+-+----*OO*---*OO*---****-----------+---
---+-+-+-+-+-+--------------------------------+-+-+-+-----------------------+++++-----+---
===============--==============================-=-=-=---======--=====--===================
