Head
150 10
2 8 144 6
160
Przeciwnicy
8
115 8 123 8
28 5 31 5
39 8 41 8
43 8 45 8
61 8 62 8
66 8 68 8
70 8 72 8
82 6 85 6
Plansza
------------------------------------------------------------------------------------------------------------------------------------------------------
------------------------------------------------------------------------------------------------------------------------------------------------------
------------------------------------------------------------------------------------------------------------------------------------------------------
------------------------------------------------------------------------------------------------------------------------------------------------------
------------------------------------------------------------------------------------------------------+---+--+**--------------------------------------
-------------------***-----------------------------------------------+------****--------****----------+*-*+--+--*-------------------+-----------------
--------------***-----------****----------+------*O*O*-----------+---+-----------------------------+--+***+**+**-------*OOO*-------+++----------------
--------****-----------*--*-----------+---+---+-------------+----+---+---+--------****-------------+--+-*-+--+--*-----------------+++++---------+-----
--------------------------------------+---+---+----------+--+--+-+---+---+-----------------------+-+--+---+--+**-----------------+++++++--------+-----
=======--------------------------===========================================----------------==========================================================
